Instance n m k D Q
1 50 4 4 ∞ 80
2 50 4 2 ∞ 160
3 75 5 3 ∞ 140
4 100 2 8 ∞ 100
5 100 2 5 ∞ 200
6 100 3 6 ∞ 100
7 100 4 4 ∞ 100
8 249 2 14 310
9 249 3 12 310
10 249 4 8 310
11 249 5 6 310
12 80 2 5 ∞ 60
13 80 2 5 200 60
14 80 2 5 180 60
15 160 4 5 ∞ 60
16 160 4 5 200 60
17 160 4 5 180 60
18 240 6 5 ∞ 60
19 240 6 5 200 60
20 240 6 5 180 60
21 360 9 5 ∞ 60
22 360 9 5 200 60
23 360 9 5 180 60
24 48 4 1 500 200
25 96 4 2 480 195
26 144 4 3 460 190
27 192 4 4 440 185
28 240 4 5 420 180
29 288 4 6 1 500 200
30 72 6 1 500 200
31 144 6 2 475 190
32 216 6 3 450 180
33 288 6 4 425 170
