2 50 4 0 160
1 37 52 0 7
2 49 49 0 30
3 52 64 0 16
4 20 26 0 9
5 40 30 0 21
6 21 47 0 15
7 17 63 0 19
8 31 62 0 23
9 52 33 0 11
10 51 21 0 5
11 42 41 0 19
12 31 32 0 29
13 5 25 0 23
14 12 42 0 21
15 36 16 0 10
16 52 41 0 15
17 27 23 0 3
18 17 33 0 41
19 13 13 0 9
20 57 58 0 28
21 62 42 0 8
22 42 57 0 8
23 16 57 0 16
24 8 52 0 10
25 7 38 0 28
26 27 68 0 7
27 30 48 0 15
28 43 67 0 14
29 58 48 0 6
30 58 27 0 19
31 37 69 0 11
32 38 46 0 12
33 46 10 0 23
34 61 33 0 26
35 62 63 0 17
36 63 69 0 6
37 32 22 0 9
38 45 35 0 15
39 59 15 0 14
40 5 6 0 7
41 10 17 0 27
42 21 10 0 13
43 5 64 0 11
44 30 15 0 16
45 39 10 0 10
46 32 39 0 5
47 25 32 0 25
48 25 55 0 17
49 48 28 0 18
50 56 37 0 10
51 20 20 0 0
52 30 40 0 0
53 50 30 0 0
54 60 50 0 0
