3 75 5 0 140
1 22 22 0 18
2 36 26 0 26
3 21 45 0 11
4 45 35 0 30
5 55 20 0 21
6 33 34 0 19
7 50 50 0 15
8 55 45 0 16
9 26 59 0 29
10 40 66 0 26
11 55 65 0 37
12 35 51 0 16
13 62 35 0 12
14 62 57 0 31
15 62 24 0 8
16 21 36 0 19
17 33 44 0 20
18 9 56 0 13
19 62 48 0 15
20 66 14 0 22
21 44 13 0 28
22 26 13 0 12
23 11 28 0 6
24 7 43 0 27
25 17 64 0 14
26 41 46 0 18
27 55 34 0 17
28 35 16 0 29
29 52 26 0 13
30 43 26 0 22
31 31 76 0 25
32 22 53 0 28
33 26 29 0 27
34 50 40 0 19
35 55 50 0 10
36 54 10 0 12
37 60 15 0 14
38 47 66 0 24
39 30 60 0 16
40 30 50 0 33
41 12 17 0 15
42 15 14 0 11
43 16 19 0 18
44 21 48 0 17
45 50 30 0 21
46 51 42 0 27
47 50 15 0 19
48 48 21 0 20
49 12 38 0 5
50 15 56 0 22
51 29 39 0 12
52 54 38 0 19
53 55 57 0 22
54 67 41 0 16
55 10 70 0 7
56 6 25 0 26
57 65 27 0 14
58 40 60 0 21
59 70 64 0 24
60 64 4 0 13
61 36 6 0 15
62 30 20 0 18
63 20 30 0 11
64 15 5 0 28
65 50 70 0 9
66 57 72 0 37
67 45 42 0 30
68 38 33 0 10
69 50 4 0 8
70 66 8 0 11
71 59 5 0 3
72 35 60 0 1
73 27 24 0 6
74 40 20 0 10
75 40 37 0 20
76 40 40 0 0
77 50 22 0 0
78 55 55 0 0
79 25 45 0 0
80 20 20 0 0
