8 100 2 0 100
1 41 49 0 10
2 35 17 0 7
3 55 45 0 13
4 55 20 0 19
5 15 30 0 26
6 25 30 0 3
7 20 50 0 5
8 10 43 0 9
9 55 60 0 16
10 30 60 0 16
11 20 65 0 12
12 50 35 0 19
13 30 25 0 23
14 15 10 0 20
15 30 5 0 8
16 10 20 0 19
17 5 30 0 2
18 20 40 0 12
19 15 60 0 17
20 45 65 0 9
21 45 20 0 11
22 45 10 0 18
23 55 5 0 29
24 65 35 0 3
25 65 20 0 6
26 45 30 0 17
27 35 40 0 16
28 41 37 0 16
29 64 42 0 9
30 40 60 0 21
31 31 52 0 27
32 35 69 0 23
33 53 52 0 11
34 65 55 0 14
35 63 65 0 8
36 2 60 0 5
37 20 20 0 8
38 5 5 0 16
39 60 12 0 31
40 40 25 0 9
41 42 7 0 5
42 24 12 0 5
43 23 3 0 7
44 11 14 0 18
45 6 38 0 16
46 2 48 0 1
47 8 56 0 27
48 13 52 0 36
49 6 68 0 30
50 47 47 0 13
51 49 58 0 10
52 27 43 0 9
53 37 31 0 14
54 57 29 0 18
55 63 23 0 2
56 53 12 0 6
57 32 12 0 7
58 36 26 0 18
59 21 24 0 28
60 17 34 0 3
61 12 24 0 13
62 24 58 0 19
63 27 69 0 10
64 15 77 0 9
65 62 77 0 20
66 49 73 0 25
67 67 5 0 25
68 56 39 0 36
69 37 47 0 6
70 37 56 0 5
71 57 68 0 15
72 47 16 0 25
73 44 17 0 9
74 46 13 0 8
75 49 11 0 18
76 49 42 0 13
77 53 43 0 14
78 61 52 0 3
79 57 48 0 23
80 56 37 0 6
81 55 54 0 26
82 15 47 0 16
83 14 37 0 11
84 11 31 0 7
85 16 22 0 41
86 4 18 0 35
87 28 18 0 26
88 26 52 0 9
89 26 35 0 15
90 31 67 0 3
91 15 19 0 1
92 22 22 0 2
93 18 24 0 22
94 26 27 0 27
95 25 24 0 20
96 22 27 0 11
97 25 21 0 12
98 19 21 0 10
99 20 26 0 9
100 18 18 0 17
101 35 20 0 0
102 35 50 0 0
