12 249 3 310 500
1 -99 -97 0 6
2 -59 50 0 72
3 0 14 0 93
4 -17 -66 0 28
5 -69 -19 0 5
6 31 12 0 43
7 5 -41 0 1
8 -12 10 0 36
9 -64 70 0 53
10 -12 85 0 63
11 -18 64 0 25
12 -77 -16 0 50
13 -53 88 0 57
14 83 -24 0 1
15 24 41 0 66
16 17 21 0 37
17 42 96 0 51
18 -65 0 0 47
19 -47 -26 0 88
20 85 36 0 75
21 -35 -54 0 48
22 54 -21 0 40
23 64 -17 0 8
24 55 89 0 69
25 17 -25 0 93
26 -61 66 0 29
27 -61 26 0 5
28 17 -72 0 53
29 79 38 0 8
30 -62 -2 0 24
31 -90 -68 0 53
32 52 66 0 13
33 -54 -50 0 47
34 8 -84 0 57
35 37 -90 0 9
36 -83 49 0 74
37 35 -1 0 83
38 7 59 0 96
39 12 48 0 42
40 57 95 0 80
41 92 28 0 22
42 -3 97 0 56
43 -7 52 0 43
44 42 -15 0 12
45 77 -43 0 73
46 59 -49 0 32
47 25 91 0 8
48 69 -19 0 79
49 -82 -14 0 79
50 74 -70 0 4
51 69 59 0 14
52 29 33 0 17
53 -97 9 0 19
54 -58 9 0 44
55 28 93 0 5
56 7 73 0 37
57 -28 73 0 100
58 -76 55 0 62
59 41 42 0 90
60 92 40 0 57
61 -84 -29 0 44
62 -12 42 0 37
63 51 -45 0 80
64 -37 46 0 60
65 -97 35 0 95
66 14 89 0 56
67 60 58 0 56
68 -63 -75 0 9
69 -18 34 0 39
70 -46 -82 0 15
71 -86 -79 0 4
72 -43 -30 0 58
73 -44 7 0 73
74 -3 -20 0 5
75 36 41 0 12
76 -30 -94 0 3
77 79 -62 0 8
78 51 70 0 31
79 -61 -26 0 48
80 6 94 0 3
81 -19 -62 0 52
82 -20 51 0 99
83 -81 37 0 29
84 7 31 0 12
85 52 12 0 50
86 83 -91 0 98
87 -7 -92 0 4
88 82 -74 0 56
89 -70 85 0 24
90 -83 -30 0 33
91 71 -61 0 45
92 85 11 0 98
93 66 -48 0 4
94 78 -87 0 36
95 9 -79 0 72
96 -36 4 0 26
97 66 39 0 71
98 92 -17 0 84
99 -46 -79 0 21
100 -30 -63 0 99
101 -42 63 0 33
102 20 42 0 84
103 15 98 0 74
104 1 -17 0 93
105 64 20 0 25
106 -96 85 0 39
107 93 -29 0 42
108 -40 -84 0 77
109 86 35 0 68
110 91 36 0 50
111 62 -8 0 42
112 -24 4 0 71
113 11 96 0 85
114 -53 62 0 78
115 -28 -71 0 64
116 7 -4 0 5
117 95 -9 0 93
118 -3 17 0 18
119 53 -90 0 38
120 58 -19 0 29
121 -83 84 0 81
122 -1 49 0 4
123 -4 17 0 23
124 -82 -3 0 11
125 -43 47 0 86
126 6 -6 0 2
127 70 99 0 31
128 68 -29 0 54
129 -94 -30 0 87
130 -94 -20 0 17
131 -21 77 0 81
132 64 37 0 72
133 -70 -19 0 10
134 88 65 0 50
135 2 29 0 25
136 33 57 0 71
137 -70 6 0 85
138 -38 -56 0 51
139 -80 -95 0 29
140 -5 -39 0 55
141 8 -22 0 45
142 -61 -76 0 100
143 76 -22 0 38
144 49 -71 0 11
145 -30 -68 0 82
146 1 34 0 50
147 77 79 0 39
148 -58 64 0 6
149 82 -97 0 87
150 -80 55 0 83
151 81 -86 0 22
152 39 -49 0 24
153 -67 72 0 69
154 -25 -89 0 97
155 -44 -95 0 65
156 32 -68 0 97
157 -17 49 0 79
158 93 49 0 79
159 99 81 0 46
160 10 -49 0 52
161 63 -41 0 39
162 38 39 0 94
163 -28 39 0 97
164 -2 -47 0 18
165 38 8 0 3
166 -42 -6 0 23
167 -67 88 0 19
168 19 93 0 40
169 40 27 0 49
170 -61 56 0 96
171 43 33 0 58
172 -18 -39 0 15
173 -69 19 0 21
174 75 -18 0 56
175 31 85 0 67
176 25 58 0 10
177 -16 36 0 36
178 91 15 0 84
179 60 -39 0 59
180 49 -47 0 85
181 42 33 0 60
182 16 -81 0 33
183 -78 53 0 62
184 53 -80 0 70
185 -46 -26 0 79
186 -25 -54 0 98
187 69 -46 0 99
188 0 -78 0 18
189 -84 74 0 55
190 -16 16 0 75
191 -63 -14 0 94
192 51 -77 0 89
193 -39 61 0 13
194 5 97 0 19
195 -55 39 0 19
196 70 -14 0 90
197 0 95 0 35
198 -45 7 0 76
199 38 -24 0 3
200 50 -37 0 11
201 59 71 0 98
202 -73 -96 0 92
203 -29 72 0 1
204 -47 12 0 2
205 -88 -61 0 63
206 -88 36 0 57
207 -46 -3 0 50
208 26 -37 0 19
209 -39 -67 0 24
210 92 27 0 14
211 -80 -31 0 18
212 93 -50 0 77
213 -20 -5 0 28
214 -22 73 0 72
215 -4 -7 0 49
216 54 -48 0 58
217 -70 39 0 84
218 54 -82 0 58
219 29 41 0 41
220 -87 51 0 98
221 -96 -36 0 77
222 49 8 0 57
223 -5 54 0 39
224 -26 43 0 99
225 -11 60 0 83
226 40 61 0 54
227 82 35 0 86
228 -92 12 0 2
229 -93 -86 0 14
230 -66 63 0 42
231 -72 -87 0 14
232 -57 -84 0 55
233 23 52 0 2
234 -56 -62 0 18
235 -19 59 0 17
236 63 -14 0 22
237 -13 38 0 28
238 -19 87 0 3
239 44 -84 0 96
240 98 -17 0 53
241 -16 62 0 15
242 3 66 0 36
243 26 22 0 98
244 -38 -81 0 78
245 70 -80 0 92
246 17 -35 0 65
247 96 -83 0 64
248 -77 80 0 43
249 -14 44 0 50
250 70 0 0 0
251 -50 60 0 0
252 -50 -60 0 0
