5 80 2 180 60
1 -10 -10 0 12
2 -10 0 0 12
3 -10 10 0 12
4 0 -10 0 12
5 0 10 0 12
6 10 -10 0 12
7 10 0 0 12
8 10 10 0 12
9 -20 -20 0 8
10 -20 0 0 8
11 -20 20 0 8
12 0 -20 0 8
13 0 20 0 8
14 20 -20 0 8
15 20 0 0 8
16 20 20 0 8
17 -30 -30 0 4
18 -30 0 0 4
19 -30 30 0 4
20 0 -30 0 4
21 0 30 0 4
22 30 -30 0 4
23 30 0 0 4
24 30 30 0 4
25 -40 -40 0 2
26 -40 0 0 2
27 -40 40 0 2
28 0 -40 0 2
29 0 40 0 2
30 40 -40 0 2
31 40 0 0 2
32 40 40 0 2
33 -50 -50 0 1
34 -50 0 0 1
35 -50 50 0 1
36 0 -50 0 1
37 0 50 0 1
38 50 -50 0 1
39 50 0 0 1
40 50 50 0 1
41 100 -10 0 12
42 100 0 0 12
43 100 10 0 12
44 110 -10 0 12
45 110 10 0 12
46 120 -10 0 12
47 120 0 0 12
48 120 10 0 12
49 90 -20 0 8
50 90 0 0 8
51 90 20 0 8
52 110 -20 0 8
53 110 20 0 8
54 130 -20 0 8
55 130 0 0 8
56 130 20 0 8
57 80 -30 0 4
58 80 0 0 4
59 80 30 0 4
60 110 -30 0 4
61 110 30 0 4
62 140 -30 0 4
63 140 0 0 4
64 140 30 0 4
65 70 -40 0 2
66 70 0 0 2
67 70 40 0 2
68 110 -40 0 2
69 110 40 0 2
70 150 -40 0 2
71 150 0 0 2
72 150 40 0 2
73 60 -50 0 1
74 60 0 0 1
75 60 50 0 1
76 110 -50 0 1
77 110 50 0 1
78 160 -50 0 1
79 160 0 0 1
80 160 50 0 1
81 0 0 0 0
82 110 0 0 0
