5 160 4 180 60
1 -10 -10 0 12
2 -10 0 0 12
3 -10 10 0 12
4 0 -10 0 12
5 0 10 0 12
6 10 -10 0 12
7 10 0 0 12
8 10 10 0 12
9 -20 -20 0 8
10 -20 0 0 8
11 -20 20 0 8
12 0 -20 0 8
13 0 20 0 8
14 20 -20 0 8
15 20 0 0 8
16 20 20 0 8
17 -30 -30 0 4
18 -30 0 0 4
19 -30 30 0 4
20 0 -30 0 4
21 0 30 0 4
22 30 -30 0 4
23 30 0 0 4
24 30 30 0 4
25 -40 -40 0 2
26 -40 0 0 2
27 -40 40 0 2
28 0 -40 0 2
29 0 40 0 2
30 40 -40 0 2
31 40 0 0 2
32 40 40 0 2
33 -50 -50 0 1
34 -50 0 0 1
35 -50 50 0 1
36 0 -50 0 1
37 0 50 0 1
38 50 -50 0 1
39 50 0 0 1
40 50 50 0 1
41 100 -10 0 12
42 100 0 0 12
43 100 10 0 12
44 110 -10 0 12
45 110 10 0 12
46 120 -10 0 12
47 120 0 0 12
48 120 10 0 12
49 90 -20 0 8
50 90 0 0 8
51 90 20 0 8
52 110 -20 0 8
53 110 20 0 8
54 130 -20 0 8
55 130 0 0 8
56 130 20 0 8
57 80 -30 0 4
58 80 0 0 4
59 80 30 0 4
60 110 -30 0 4
61 110 30 0 4
62 140 -30 0 4
63 140 0 0 4
64 140 30 0 4
65 70 -40 0 2
66 70 0 0 2
67 70 40 0 2
68 110 -40 0 2
69 110 40 0 2
70 150 -40 0 2
71 150 0 0 2
72 150 40 0 2
73 60 -50 0 1
74 60 0 0 1
75 60 50 0 1
76 110 -50 0 1
77 110 50 0 1
78 160 -50 0 1
79 160 0 0 1
80 160 50 0 1
81 100 100 0 12
82 100 110 0 12
83 100 120 0 12
84 110 100 0 12
85 110 120 0 12
86 120 100 0 12
87 120 110 0 12
88 120 120 0 12
89 90 90 0 8
90 90 110 0 8
91 90 130 0 8
92 110 90 0 8
93 110 130 0 8
94 130 90 0 8
95 130 110 0 8
96 130 130 0 8
97 80 80 0 4
98 80 110 0 4
99 80 140 0 4
100 110 80 0 4
101 110 140 0 4
102 140 80 0 4
103 140 110 0 4
104 140 140 0 4
105 70 70 0 2
106 70 110 0 2
107 70 150 0 2
108 110 70 0 2
109 110 150 0 2
110 150 70 0 2
111 150 110 0 2
112 150 150 0 2
113 60 60 0 1
114 60 110 0 1
115 60 160 0 1
116 110 60 0 1
117 110 160 0 1
118 160 60 0 1
119 160 110 0 1
120 160 160 0 1
121 -10 100 0 12
122 -10 110 0 12
123 -10 120 0 12
124 0 100 0 12
125 0 120 0 12
126 10 100 0 12
127 10 110 0 12
128 10 120 0 12
129 -20 90 0 8
130 -20 110 0 8
131 -20 130 0 8
132 0 90 0 8
133 0 130 0 8
134 20 90 0 8
135 20 110 0 8
136 20 130 0 8
137 -30 80 0 4
138 -30 110 0 4
139 -30 140 0 4
140 0 80 0 4
141 0 140 0 4
142 30 80 0 4
143 30 110 0 4
144 30 140 0 4
145 -40 70 0 2
146 -40 110 0 2
147 -40 150 0 2
148 0 70 0 2
149 0 150 0 2
150 40 70 0 2
151 40 110 0 2
152 40 150 0 2
153 -50 60 0 1
154 -50 110 0 1
155 -50 160 0 1
156 0 60 0 1
157 0 160 0 1
158 50 60 0 1
159 50 110 0 1
160 50 160 0 1
161 0 0 0 0
162 110 0 0 0
163 110 110 0 0
164 0 110 0 0
