5 360 9 0 60
1 -10 -10 0 12
2 -10 0 0 12
3 -10 10 0 12
4 0 -10 0 12
5 0 10 0 12
6 10 -10 0 12
7 10 0 0 12
8 10 10 0 12
9 -20 -20 0 8
10 -20 0 0 8
11 -20 20 0 8
12 0 -20 0 8
13 0 20 0 8
14 20 -20 0 8
15 20 0 0 8
16 20 20 0 8
17 -30 -30 0 4
18 -30 0 0 4
19 -30 30 0 4
20 0 -30 0 4
21 0 30 0 4
22 30 -30 0 4
23 30 0 0 4
24 30 30 0 4
25 -40 -40 0 2
26 -40 0 0 2
27 -40 40 0 2
28 0 -40 0 2
29 0 40 0 2
30 40 -40 0 2
31 40 0 0 2
32 40 40 0 2
33 -50 -50 0 1
34 -50 0 0 1
35 -50 50 0 1
36 0 -50 0 1
37 0 50 0 1
38 50 -50 0 1
39 50 0 0 1
40 50 50 0 1
41 100 -10 0 12
42 100 0 0 12
43 100 10 0 12
44 110 -10 0 12
45 110 10 0 12
46 120 -10 0 12
47 120 0 0 12
48 120 10 0 12
49 90 -20 0 8
50 90 0 0 8
51 90 20 0 8
52 110 -20 0 8
53 110 20 0 8
54 130 -20 0 8
55 130 0 0 8
56 130 20 0 8
57 80 -30 0 4
58 80 0 0 4
59 80 30 0 4
60 110 -30 0 4
61 110 30 0 4
62 140 -30 0 4
63 140 0 0 4
64 140 30 0 4
65 70 -40 0 2
66 70 0 0 2
67 70 40 0 2
68 110 -40 0 2
69 110 40 0 2
70 150 -40 0 2
71 150 0 0 2
72 150 40 0 2
73 60 -50 0 1
74 60 0 0 1
75 60 50 0 1
76 110 -50 0 1
77 110 50 0 1
78 160 -50 0 1
79 160 0 0 1
80 160 50 0 1
81 100 100 0 12
82 100 110 0 12
83 100 120 0 12
84 110 100 0 12
85 110 120 0 12
86 120 100 0 12
87 120 110 0 12
88 120 120 0 12
89 90 90 0 8
90 90 110 0 8
91 90 130 0 8
92 110 90 0 8
93 110 130 0 8
94 130 90 0 8
95 130 110 0 8
96 130 130 0 8
97 80 80 0 4
98 80 110 0 4
99 80 140 0 4
100 110 80 0 4
101 110 140 0 4
102 140 80 0 4
103 140 110 0 4
104 140 140 0 4
105 70 70 0 2
106 70 110 0 2
107 70 150 0 2
108 110 70 0 2
109 110 150 0 2
110 150 70 0 2
111 150 110 0 2
112 150 150 0 2
113 60 60 0 1
114 60 110 0 1
115 60 160 0 1
116 110 60 0 1
117 110 160 0 1
118 160 60 0 1
119 160 110 0 1
120 160 160 0 1
121 -10 100 0 12
122 -10 110 0 12
123 -10 120 0 12
124 0 100 0 12
125 0 120 0 12
126 10 100 0 12
127 10 110 0 12
128 10 120 0 12
129 -20 90 0 8
130 -20 110 0 8
131 -20 130 0 8
132 0 90 0 8
133 0 130 0 8
134 20 90 0 8
135 20 110 0 8
136 20 130 0 8
137 -30 80 0 4
138 -30 110 0 4
139 -30 140 0 4
140 0 80 0 4
141 0 140 0 4
142 30 80 0 4
143 30 110 0 4
144 30 140 0 4
145 -40 70 0 2
146 -40 110 0 2
147 -40 150 0 2
148 0 70 0 2
149 0 150 0 2
150 40 70 0 2
151 40 110 0 2
152 40 150 0 2
153 -50 60 0 1
154 -50 110 0 1
155 -50 160 0 1
156 0 60 0 1
157 0 160 0 1
158 50 60 0 1
159 50 110 0 1
160 50 160 0 1
161 -120 100 0 12
162 -120 110 0 12
163 -120 120 0 12
164 -110 100 0 12
165 -110 120 0 12
166 -100 100 0 12
167 -100 110 0 12
168 -100 120 0 12
169 -130 90 0 8
170 -130 110 0 8
171 -130 130 0 8
172 -110 90 0 8
173 -110 130 0 8
174 -90 90 0 8
175 -90 110 0 8
176 -90 130 0 8
177 -140 80 0 4
178 -140 110 0 4
179 -140 140 0 4
180 -110 80 0 4
181 -110 140 0 4
182 -80 80 0 4
183 -80 110 0 4
184 -80 140 0 4
185 -150 70 0 2
186 -150 110 0 2
187 -150 150 0 2
188 -110 70 0 2
189 -110 150 0 2
190 -70 70 0 2
191 -70 110 0 2
192 -70 150 0 2
193 -160 60 0 1
194 -160 110 0 1
195 -160 160 0 1
196 -110 60 0 1
197 -110 160 0 1
198 -60 60 0 1
199 -60 110 0 1
200 -60 160 0 1
201 -120 -10 0 12
202 -120 0 0 12
203 -120 10 0 12
204 -110 -10 0 12
205 -110 10 0 12
206 -100 -10 0 12
207 -100 0 0 12
208 -100 10 0 12
209 -130 -20 0 8
210 -130 0 0 8
211 -130 20 0 8
212 -110 -20 0 8
213 -110 20 0 8
214 -90 -20 0 8
215 -90 0 0 8
216 -90 20 0 8
217 -140 -30 0 4
218 -140 0 0 4
219 -140 30 0 4
220 -110 -30 0 4
221 -110 30 0 4
222 -80 -30 0 4
223 -80 0 0 4
224 -80 30 0 4
225 -150 -40 0 2
226 -150 0 0 2
227 -150 40 0 2
228 -110 -40 0 2
229 -110 40 0 2
230 -70 -40 0 2
231 -70 0 0 2
232 -70 40 0 2
233 -160 -50 0 1
234 -160 0 0 1
235 -160 50 0 1
236 -110 -50 0 1
237 -110 50 0 1
238 -60 -50 0 1
239 -60 0 0 1
240 -60 50 0 1
241 -120 -120 0 12
242 -120 -110 0 12
243 -120 -100 0 12
244 -110 -120 0 12
245 -110 -100 0 12
246 -100 -120 0 12
247 -100 -110 0 12
248 -100 -100 0 12
249 -130 -130 0 8
250 -130 -110 0 8
251 -130 -90 0 8
252 -110 -130 0 8
253 -110 -90 0 8
254 -90 -130 0 8
255 -90 -110 0 8
256 -90 -90 0 8
257 -140 -140 0 4
258 -140 -110 0 4
259 -140 -80 0 4
260 -110 -140 0 4
261 -110 -80 0 4
262 -80 -140 0 4
263 -80 -110 0 4
264 -80 -80 0 4
265 -150 -150 0 2
266 -150 -110 0 2
267 -150 -70 0 2
268 -110 -150 0 2
269 -110 -70 0 2
270 -70 -150 0 2
271 -70 -110 0 2
272 -70 -70 0 2
273 -160 -160 0 1
274 -160 -110 0 1
275 -160 -60 0 1
276 -110 -160 0 1
277 -110 -60 0 1
278 -60 -160 0 1
279 -60 -110 0 1
280 -60 -60 0 1
281 -10 -120 0 12
282 -10 -110 0 12
283 -10 -100 0 12
284 0 -120 0 12
285 0 -100 0 12
286 10 -120 0 12
287 10 -110 0 12
288 10 -100 0 12
289 -20 -130 0 8
290 -20 -110 0 8
291 -20 -90 0 8
292 0 -130 0 8
293 0 -90 0 8
294 20 -130 0 8
295 20 -110 0 8
296 20 -90 0 8
297 -30 -140 0 4
298 -30 -110 0 4
299 -30 -80 0 4
300 0 -140 0 4
301 0 -80 0 4
302 30 -140 0 4
303 30 -110 0 4
304 30 -80 0 4
305 -40 -150 0 2
306 -40 -110 0 2
307 -40 -70 0 2
308 0 -150 0 2
309 0 -70 0 2
310 40 -150 0 2
311 40 -110 0 2
312 40 -70 0 2
313 -50 -160 0 1
314 -50 -110 0 1
315 -50 -60 0 1
316 0 -160 0 1
317 0 -60 0 1
318 50 -160 0 1
319 50 -110 0 1
320 50 -60 0 1
321 100 -120 0 12
322 100 -110 0 12
323 100 -100 0 12
324 110 -120 0 12
325 110 -100 0 12
326 120 -120 0 12
327 120 -110 0 12
328 120 -100 0 12
329 90 -130 0 8
330 90 -110 0 8
331 90 -90 0 8
332 110 -130 0 8
333 110 -90 0 8
334 130 -130 0 8
335 130 -110 0 8
336 130 -90 0 8
337 80 -140 0 4
338 80 -110 0 4
339 80 -80 0 4
340 110 -140 0 4
341 110 -80 0 4
342 140 -140 0 4
343 140 -110 0 4
344 140 -80 0 4
345 70 -150 0 2
346 70 -110 0 2
347 70 -70 0 2
348 110 -150 0 2
349 110 -70 0 2
350 150 -150 0 2
351 150 -110 0 2
352 150 -70 0 2
353 60 -160 0 1
354 60 -110 0 1
355 60 -60 0 1
356 110 -160 0 1
357 110 -60 0 1
358 160 -160 0 1
359 160 -110 0 1
360 160 -60 0 1
361 0 0 0 0
362 110 0 0 0
363 110 110 0 0
364 0 110 0 0
365 -110 110 0 0
366 -110 0 0 0
367 -110 -110 0 0
368 0 -110 0 0
369 110 -110 0 0
