1 48 4 500 200
1 -29.730 64.136 2 12
2 -30.664 5.463 7 8
3 51.642 5.469 21 16
4 -13.171 69.336 24 5
5 -67.413 68.323 1 12
6 48.907 6.274 17 5
7 5.243 22.260 6 13
8 -65.002 77.234 5 20
9 -4.175 -1.569 7 13
10 23.029 11.639 1 18
11 25.482 6.287 4 7
12 -42.615 -26.392 10 6
13 -76.672 99.341 2 9
14 -20.673 57.892 16 9
15 -52.039 6.567 23 4
16 -41.376 50.824 18 25
17 -91.943 27.588 3 5
18 -65.118 30.212 15 17
19 18.597 96.716 13 3
20 -40.942 83.209 10 16
21 -37.756 -33.325 4 25
22 23.767 29.083 23 21
23 -43.030 20.453 20 14
24 -35.297 -24.896 10 19
25 -54.755 14.368 4 14
26 -49.329 33.374 2 6
27 57.404 23.822 23 16
28 -22.754 55.408 6 9
29 -56.622 73.340 8 20
30 -38.562 -3.705 10 13
31 -16.779 19.537 7 10
32 -11.560 11.615 1 16
33 -46.545 97.974 21 19
34 16.229 9.320 6 22
35 1.294 7.349 4 14
36 -26.404 29.529 13 10
37 4.352 14.685 9 11
38 -50.665 -23.126 22 15
39 -22.833 -9.814 22 13
40 -71.100 -18.616 18 15
41 -7.849 32.074 10 8
42 11.877 -24.933 25 22
43 -18.927 -23.730 23 24
44 -11.920 11.755 4 3
45 29.840 11.633 9 25
46 12.268 -55.811 17 19
47 -37.933 -21.613 10 21
48 42.883 -2.966 17 10
49 4.163 13.559 0 0
50 21.387 17.105 0 0
51 -36.118 49.097 0 0
52 -31.201 0.235 0 0
