6 288 4 400 175
1 -66.174 -37.811 13 19
2 2.673 -35.223 16 21
3 38.751 8.618 1 17
4 62.653 20.667 9 6
5 60.974 -6.110 20 6
6 -98.535 -39.532 2 19
7 8.411 -81.274 5 17
8 -14.569 26.056 10 19
9 -34.186 -76.697 10 2
10 55.145 -33.911 25 3
11 15.869 8.716 2 24
12 -63.416 -20.282 5 5
13 -9.357 -42.212 16 9
14 -53.619 3.729 24 20
15 53.491 -3.308 7 19
16 -22.614 -32.794 19 20
17 39.612 -1.550 15 4
18 16.705 -22.748 7 3
19 -51.245 -13.757 16 2
20 -29.907 14.380 20 23
21 -70.441 -27.911 21 6
22 -75.385 -30.811 7 17
23 10.590 -28.931 17 17
24 86.340 -45.935 11 3
25 3.864 34.583 6 16
26 -37.598 -42.114 4 15
27 69.440 1.379 16 23
28 -13.818 1.245 8 15
29 -27.124 -38.037 13 12
30 -69.348 -14.734 25 19
31 58.575 29.346 16 23
32 58.105 31.702 2 10
33 -62.250 -16.425 12 23
34 -66.382 13.586 12 22
35 68.030 -12.482 14 4
36 -30.701 -41.681 16 5
37 -55.389 -51.050 9 1
38 36.237 -2.655 16 11
39 -1.215 5.591 2 20
40 10.278 -23.950 21 25
41 -7.159 36.859 7 18
42 -90.204 61.169 3 4
43 46.368 65.082 5 10
44 13.348 31.372 12 17
45 -73.566 -28.839 9 7
46 -41.528 -37.097 11 4
47 -60.938 -27.246 17 3
48 38.312 54.376 10 12
49 26.306 11.975 5 13
50 10.297 -48.346 3 24
51 52.417 -28.363 1 16
52 -43.756 -39.343 3 2
53 49.316 11.395 5 7
54 45.593 4.346 25 15
55 -25.989 -15.814 14 12
56 65.253 -59.631 4 15
57 12.109 -34.387 14 17
58 12.390 -16.254 20 16
59 0.525 69.611 5 1
60 -8.679 7.770 22 9
61 41.467 -35.016 17 4
62 11.859 -34.973 19 3
63 -1.306 -58.063 9 1
64 6.024 -31.018 16 4
65 1.788 -32.544 19 6
66 29.272 -6.494 11 1
67 23.950 10.742 6 19
68 -65.887 40.912 23 1
69 -10.095 26.257 24 2
70 58.093 67.352 21 25
71 90.015 9.485 16 4
72 -6.622 15.216 15 4
73 -2.875 -42.841 23 13
74 -37.714 -7.306 22 18
75 44.171 -11.224 21 9
76 -58.704 -2.808 21 5
77 -3.912 10.071 21 12
78 -41.370 -1.495 7 22
79 58.179 27.563 15 9
80 -63.861 26.147 15 11
81 -56.793 -15.918 16 6
82 22.217 -27.509 13 19
83 -1.031 -14.838 22 10
84 -57.703 -10.480 1 1
85 80.847 6.299 22 10
86 2.887 10.822 24 20
87 -37.390 -7.800 6 18
88 -33.600 -26.740 5 1
89 95.197 24.231 14 11
90 -13.904 29.327 19 20
91 -53.461 9.296 16 12
92 67.578 13.007 20 17
93 -83.881 -53.265 12 16
94 30.255 -72.430 7 3
95 -22.333 -20.538 23 14
96 3.741 -35.461 9 12
97 -20.093 -43.982 19 9
98 -47.687 -21.100 17 1
99 -20.447 -13.849 1 7
100 34.515 3.967 25 7
101 20.514 -11.884 12 5
102 -46.039 -22.565 15 9
103 -39.630 25.385 16 15
104 -1.025 50.433 10 4
105 -28.632 23.486 24 10
106 -52.997 -16.248 24 21
107 -3.345 -22.955 18 2
108 -62.640 -26.349 21 6
109 25.403 0.531 21 1
110 -29.895 72.919 17 23
111 26.630 1.971 7 24
112 -9.814 35.004 14 16
113 -7.758 -42.426 8 18
114 28.918 -7.117 2 1
115 47.693 36.108 18 1
116 -53.168 5.206 10 21
117 17.560 13.214 17 8
118 6.836 -2.496 20 22
119 -17.322 97.260 9 23
120 22.406 26.532 25 11
121 -73.090 -13.251 6 15
122 -64.996 -4.578 16 14
123 -34.906 -43.903 11 16
124 -92.346 -4.517 9 25
125 0.647 -8.496 9 12
126 5.048 -37.323 18 9
127 -19.080 -14.178 10 20
128 -71.704 -11.450 11 22
129 -45.581 -28.717 14 13
130 -28.351 -23.914 15 24
131 -16.486 30.920 19 13
132 -83.423 -20.935 25 4
133 -12.054 -20.612 10 22
134 -7.184 -63.721 11 18
135 34.546 -8.881 11 25
136 -4.865 73.694 25 19
137 -36.005 -3.876 14 8
138 -28.400 -21.820 20 13
139 -56.281 -15.112 7 1
140 -11.017 42.151 1 1
141 -63.092 -62.573 15 5
142 29.486 79.944 2 2
143 -65.674 -0.238 7 22
144 46.130 -20.416 21 3
145 1.575 -16.364 19 2
146 40.277 -1.379 17 6
147 -15.271 42.249 23 19
148 33.215 -16.614 17 5
149 -72.388 13.074 20 25
150 -24.487 5.273 11 9
151 -6.598 -30.957 1 20
152 31.287 21.332 11 11
153 20.557 0.378 15 18
154 -67.200 -41.339 3 25
155 22.168 -40.375 21 22
156 31.165 2.222 5 25
157 74.634 30.219 11 14
158 60.699 81.116 6 21
159 -60.736 24.133 17 1
160 1.978 17.517 20 9
161 -80.566 -38.196 10 2
162 -49.927 -36.713 24 2
163 -60.449 -27.820 6 4
164 -78.748 -44.226 18 15
165 54.260 -9.259 15 11
166 -42.059 -26.636 6 15
167 -57.336 -16.718 10 15
168 -1.276 -13.330 7 16
169 -24.158 39.197 24 14
170 17.908 -40.442 3 25
171 59.833 -3.674 22 9
172 -3.510 6.256 1 23
173 40.167 8.594 4 16
174 -1.691 -54.376 12 10
175 -36.035 -17.065 14 4
176 7.275 -4.144 17 25
177 30.219 -6.830 20 20
178 -26.379 -63.055 19 5
179 28.772 -0.031 18 19
180 2.625 5.072 22 2
181 3.595 -21.600 14 13
182 -64.948 -10.956 14 19
183 18.671 -41.010 20 2
184 29.291 12.799 16 16
185 4.529 26.654 25 2
186 25.360 29.718 12 6
187 57.349 -15.405 1 3
188 -11.566 -19.012 11 20
189 -45.441 -71.808 18 13
190 2.197 -3.564 8 9
191 -1.855 -24.475 8 5
192 -59.851 -48.938 1 15
193 70.081 -17.816 23 22
194 -4.932 28.754 19 18
195 -46.625 -23.529 18 21
196 -49.872 -35.339 16 16
197 -67.499 8.142 7 22
198 31.195 -18.243 13 23
199 -42.139 -52.704 5 1
200 -15.094 18.933 3 1
201 -78.625 -24.341 22 13
202 51.471 -9.607 21 14
203 29.987 -31.061 18 18
204 46.741 1.453 14 5
205 -52.954 31.738 19 24
206 10.535 -61.432 18 11
207 -15.948 -56.012 12 5
208 -7.776 -54.730 21 1
209 11.047 -20.905 15 21
210 -24.359 -23.047 8 6
211 2.948 -20.398 5 6
212 -82.654 24.323 3 5
213 -12.134 42.065 2 23
214 -98.035 -36.359 5 16
215 -61.102 -13.477 3 18
216 -39.136 6.287 12 10
217 41.180 7.971 4 9
218 4.254 19.830 23 18
219 -34.143 -37.915 8 22
220 -4.559 23.566 7 24
221 37.891 -1.947 10 15
222 78.259 15.936 18 6
223 -8.661 -25.110 4 12
224 10.071 37.164 9 19
225 -42.621 -46.985 19 19
226 92.157 -94.183 5 17
227 32.202 -39.844 19 22
228 -55.231 -15.027 7 25
229 -26.746 -21.490 22 11
230 -75.513 -0.708 2 23
231 34.021 12.665 7 10
232 -2.643 -20.831 4 17
233 53.369 13.770 11 6
234 -14.948 -40.259 12 20
235 67.828 5.750 2 6
236 -13.220 -26.031 13 4
237 4.169 -32.617 22 25
238 -26.050 -33.313 6 7
239 31.964 -45.703 11 11
240 96.820 26.208 22 14
241 -44.696 -37.854 9 14
242 33.417 11.792 21 15
243 -35.187 19.226 8 2
244 -14.233 -74.988 4 14
245 37.158 -0.836 19 17
246 -51.697 -26.447 20 24
247 23.535 5.896 22 10
248 -18.433 53.711 10 20
249 -11.340 -17.621 20 11
250 -7.812 -35.895 10 16
251 3.522 26.941 23 3
252 -46.588 -22.266 5 11
253 -2.997 -0.549 25 10
254 32.147 17.151 7 18
255 32.019 13.007 16 20
256 -6.628 29.889 15 24
257 77.777 -25.397 9 16
258 30.707 65.704 19 2
259 -43.811 -43.036 11 14
260 49.561 16.827 19 10
261 -28.931 -0.439 10 22
262 40.363 16.382 20 14
263 22.748 40.674 17 15
264 -1.471 6.567 22 7
265 -1.190 16.864 24 20
266 8.032 41.821 5 1
267 -44.019 -22.784 5 24
268 12.366 -11.353 17 22
269 33.276 15.881 7 23
270 -34.790 -15.045 25 20
271 -96.857 -19.391 12 15
272 38.434 -5.353 11 14
273 -25.391 0.220 6 12
274 0.848 -31.860 13 4
275 -24.023 95.691 23 15
276 -4.272 35.468 15 12
277 -6.927 1.855 13 8
278 -70.953 -3.217 10 2
279 -32.648 -16.522 24 24
280 42.859 -21.680 13 5
281 5.182 6.403 12 8
282 36.920 -4.987 21 21
283 49.591 27.783 10 5
284 45.038 10.785 12 16
285 7.690 14.056 9 8
286 -60.907 18.640 5 24
287 -64.496 8.923 18 23
288 37.158 -14.990 24 6
289 2.277 7.840 0 0
290 32.883 -1.779 0 0
291 -49.554 -17.828 0 0
292 3.690 -26.099 0 0
